0 0.24557291666666667 0.39490740740740743 0.050520833333333334 0.08055555555555556
0 0.4080729166666667 0.375 0.05260416666666667 0.07962962962962963
0 0.6138020833333333 0.487962962962963 0.04635416666666667 0.07222222222222222
0 0.19739583333333333 0.4351851851851852 0.04479166666666667 0.08148148148148149
2 0.390625 0.3962962962962963 0.0375 0.08518518518518518
2 0.23125 0.38796296296296295 0.03333333333333333 0.03148148148148148
2 0.19427083333333334 0.425 0.026041666666666668 0.03333333333333333
2 0.6049479166666667 0.4689814814814815 0.033854166666666664 0.03611111111111111
1 0.5388020833333333 0.41712962962962963 0.0359375 0.0824074074074074
2 0.61171875 0.4046296296296296 0.033854166666666664 0.05
2 0.5356770833333333 0.4287037037037037 0.0203125 0.08703703703703704