0 0.9159722222222222 0.33046875 0.16527777777777777 0.1375
0 0.35625 0.598046875 0.2375 0.12109375
1 0.04722222222222222 0.686328125 0.09444444444444444 0.06328125
1 0.19375 0.66640625 0.20972222222222223 0.1234375
2 0.31875 0.491015625 0.14305555555555555 0.18828125
2 0.8722222222222222 0.3015625 0.13333333333333333 0.059375
2 0.1909722222222222 0.59453125 0.05694444444444444 0.1375
2 0.05277777777777778 0.6296875 0.06944444444444445 0.08125
2 0.5798611111111112 0.3484375 0.07361111111111111 0.096875
2 0.54375 0.430078125 0.22916666666666666 0.03984375
2 0.8979166666666667 0.17578125 0.1375 0.0453125