1 0.8890625 0.5875 0.025 0.04722222222222222
1 0.367578125 0.7486111111111111 0.02578125 0.044444444444444446
1 0.602734375 0.8756944444444444 0.01796875 0.04027777777777778
1 0.65234375 0.8861111111111111 0.0203125 0.03888888888888889
0 0.058203125 0.53125 0.06015625 0.08472222222222223
0 0.045703125 0.75625 0.04609375 0.05138888888888889
0 0.043359375 0.8069444444444445 0.03203125 0.05277777777777778
0 0.03828125 0.9465277777777777 0.0328125 0.05138888888888889
0 0.20703125 0.9576388888888889 0.0390625 0.05694444444444444
0 0.544921875 0.6444444444444445 0.05234375 0.08055555555555556
0 0.596875 0.625 0.028125 0.04722222222222222
0 0.36171875 0.6375 0.0375 0.09444444444444444
0 0.552734375 0.39861111111111114 0.02890625 0.03333333333333333
0 0.930078125 0.5722222222222222 0.02109375 0.03888888888888889
0 0.668359375 0.3972222222222222 0.01640625 0.03333333333333333
1 0.1265625 0.7520833333333333 0.03125 0.04861111111111111
1 0.071484375 0.88125 0.03984375 0.0625
1 0.21015625 0.9 0.0296875 0.05277777777777778
1 0.95390625 0.36041666666666666 0.021875 0.0375
1 0.969140625 0.4395833333333333 0.02421875 0.04027777777777778
1 0.921484375 0.5027777777777778 0.03515625 0.058333333333333334
1 0.89765625 0.36944444444444446 0.0296875 0.044444444444444446
1 0.905859375 0.5708333333333333 0.02734375 0.058333333333333334
1 0.86796875 0.38125 0.021875 0.0375
1 0.852734375 0.5777777777777777 0.03046875 0.06111111111111111
1 0.71171875 0.6034722222222222 0.0203125 0.0375
1 0.60234375 0.6652777777777777 0.0265625 0.03888888888888889
1 0.63046875 0.8791666666666667 0.0203125 0.044444444444444446
1 0.613671875 0.8111111111111111 0.03046875 0.05
1 0.562890625 0.8590277777777777 0.02421875 0.06527777777777778
1 0.5265625 0.7215277777777778 0.028125 0.04583333333333333
1 0.391015625 0.6541666666666667 0.03671875 0.06666666666666667
1 0.30078125 0.7263888888888889 0.0328125 0.06111111111111111
1 0.22109375 0.7673611111111112 0.0375 0.059722222222222225
0 0.160546875 0.975 0.04453125 0.04722222222222222
0 0.883203125 0.34305555555555556 0.02734375 0.05277777777777778
1 0.011328125 0.8472222222222222 0.02265625 0.07777777777777778
1 0.28125 0.6 0.025 0.022222222222222223
1 0.638671875 0.175 0.03203125 0.041666666666666664
2 0.60390625 0.5888888888888889 0.01875 0.075