1 0.734375 0.8625 0.0390625 0.058333333333333334
1 0.641015625 0.7395833333333334 0.04140625 0.07361111111111111
1 0.32265625 0.07777777777777778 0.0515625 0.07222222222222222
1 0.166796875 0.43125 0.04140625 0.04027777777777778
1 0.13828125 0.5965277777777778 0.0703125 0.11527777777777778
0 0.954296875 0.3902777777777778 0.05078125 0.08333333333333333
0 0.786328125 0.6326388888888889 0.04140625 0.07361111111111111
0 0.702734375 0.8027777777777778 0.03984375 0.075
0 0.123046875 0.7 0.06796875 0.14722222222222223
0 0.16875 0.5472222222222223 0.0578125 0.09722222222222222
1 0.746484375 0.725 0.03203125 0.06111111111111111
1 0.78125 0.8111111111111111 0.04375 0.05555555555555555
1 0.781640625 0.7298611111111111 0.03515625 0.06805555555555555
0 0.7828125 0.16180555555555556 0.0453125 0.09583333333333334