0 0.3159722222222222 0.5984375 0.12361111111111112 0.06875
0 0.7451388888888889 0.40625 0.1125 0.0515625
0 0.3402777777777778 0.509765625 0.11666666666666667 0.06328125
1 0.78125 0.16875 0.13194444444444445 0.08125
1 0.65625 0.116015625 0.12916666666666668 0.07734375
2 0.3638888888888889 0.519921875 0.08888888888888889 0.03359375
2 0.71875 0.3921875 0.10416666666666667 0.034375
2 0.35347222222222224 0.571875 0.10416666666666667 0.0375
2 0.7916666666666666 0.1359375 0.06388888888888888 0.065625
2 0.6604166666666667 0.08828125 0.10416666666666667 0.040625
2 0.64375 0.19375 0.08194444444444444 0.06875