0 0.5138020833333333 0.48564814814814816 0.08072916666666667 0.14166666666666666
0 0.22135416666666666 0.5819444444444445 0.084375 0.13425925925925927
1 0.32265625 0.6078703703703704 0.07447916666666667 0.09537037037037037
2 0.5145833333333333 0.42268518518518516 0.030208333333333334 0.10648148148148148
2 0.3140625 0.5375 0.023958333333333335 0.12314814814814815
2 0.21223958333333334 0.537962962962963 0.034895833333333334 0.08703703703703704
2 0.13619791666666667 0.6328703703703704 0.019270833333333334 0.08796296296296297
1 0.6526041666666667 0.7939814814814815 0.042708333333333334 0.08611111111111111
2 0.66484375 0.7675925925925926 0.018229166666666668 0.06296296296296296
1 0.5877604166666667 0.4648148148148148 0.0453125 0.09259259259259259
2 0.5703125 0.43333333333333335 0.027083333333333334 0.06851851851851852
1 0.6325520833333333 0.55 0.0546875 0.09074074074074075
2 0.609375 0.5046296296296297 0.023958333333333335 0.06296296296296296
1 0.7299479166666667 0.6648148148148149 0.06510416666666667 0.1
2 0.728125 0.6171296296296296 0.03958333333333333 0.04351851851851852