0 0.417 0.5645 0.081 0.117
0 0.53 0.556 0.095 0.124
0 0.623 0.5871666666666666 0.1135 0.13766666666666666
0 0.392125 0.33116666666666666 0.06275 0.11433333333333333
0 0.298125 0.363 0.07375 0.12133333333333333
0 0.198625 0.336 0.10875 0.124
2 0.424 0.4305 0.0375 0.25366666666666665
2 0.622375 0.5006666666666667 0.03275 0.12533333333333332
2 0.201125 0.24 0.04475 0.136
2 0.293625 0.2685 0.03875 0.14766666666666667
2 0.354875 0.2465 0.04525 0.121
0 0.20425 0.11466666666666667 0.093 0.09733333333333333
1 0.122875 0.25366666666666665 0.06625 0.072
1 0.116125 0.3011666666666667 0.05925 0.059