0 0.730078125 0.9138888888888889 0.03203125 0.05
0 0.91171875 0.6361111111111111 0.0265625 0.04722222222222222
0 0.37734375 0.04513888888888889 0.021875 0.0375
0 0.542578125 0.55 0.02265625 0.03333333333333333
1 0.412109375 0.6791666666666667 0.01796875 0.025
1 0.285546875 0.2048611111111111 0.01484375 0.018055555555555554
1 0.26015625 0.175 0.015625 0.022222222222222223
0 0.343359375 0.7798611111111111 0.01484375 0.03194444444444444
1 0.3453125 0.7520833333333333 0.0171875 0.02361111111111111
0 0.4234375 0.7423611111111111 0.0203125 0.03194444444444444
0 0.269140625 0.21388888888888888 0.02265625 0.04722222222222222
2 0.378125 0.024305555555555556 0.0140625 0.0375
2 0.259375 0.11388888888888889 0.0125 0.03333333333333333
2 0.2765625 0.18194444444444444 0.0125 0.03611111111111111
2 0.28671875 0.1875 0.015625 0.044444444444444446