0 0.3576388888888889 0.794921875 0.1875 0.10546875
0 0.31875 0.577734375 0.2625 0.17421875
1 0.8972222222222223 0.616015625 0.20277777777777778 0.14609375
1 0.7722222222222223 0.70859375 0.25555555555555554 0.1484375
2 0.35 0.5875 0.09722222222222222 0.1
2 0.6298611111111111 0.4046875 0.12638888888888888 0.0609375
2 0.725 0.5 0.16666666666666666 0.115625
2 0.31875 0.343359375 0.1375 0.11953125
2 0.44375 0.457421875 0.09861111111111111 0.07890625
2 0.6826388888888889 0.666015625 0.1875 0.07578125
2 0.7715277777777778 0.595703125 0.2569444444444444 0.04453125