0 0.451625 0.7603333333333333 0.13925 0.16466666666666666
0 0.607875 0.7241666666666666 0.13825 0.17566666666666667
0 0.22125 0.16833333333333333 0.117 0.13733333333333334
0 0.11625 0.18133333333333335 0.115 0.14133333333333334
1 0.536875 0.9035 0.12525 0.161
1 0.295375 0.45766666666666667 0.09775 0.13133333333333333
1 0.228125 0.3586666666666667 0.09225 0.10066666666666667
1 0.3655 0.33466666666666667 0.0995 0.14133333333333334
2 0.536875 0.6701666666666667 0.06825 0.119
2 0.564125 0.7401666666666666 0.05625 0.21233333333333335
2 0.105625 0.06566666666666666 0.05325 0.12666666666666668
2 0.3705 0.2813333333333333 0.036 0.11066666666666666
2 0.228625 0.26366666666666666 0.03225 0.10933333333333334
2 0.591 0.5508333333333333 0.0545 0.21233333333333335