0 0.11875 0.6326388888888889 0.046875 0.06805555555555555
0 0.902734375 0.31875 0.03828125 0.06527777777777778
0 0.74453125 0.6604166666666667 0.034375 0.0763888888888889
0 0.715625 0.6173611111111111 0.025 0.07361111111111111
0 0.294921875 0.42291666666666666 0.03359375 0.07361111111111111
0 0.084375 0.79375 0.034375 0.06805555555555555
1 0.932421875 0.5881944444444445 0.02890625 0.059722222222222225
1 0.783203125 0.6715277777777777 0.03359375 0.07361111111111111
1 0.684765625 0.6326388888888889 0.03671875 0.06805555555555555
1 0.535546875 0.5875 0.04140625 0.06388888888888888
1 0.459765625 0.5909722222222222 0.02890625 0.05694444444444444
1 0.44453125 0.5659722222222222 0.01875 0.043055555555555555
1 0.437890625 0.6263888888888889 0.02421875 0.075
1 0.369921875 0.7916666666666666 0.03984375 0.075
1 0.116796875 0.8638888888888889 0.04609375 0.06111111111111111
1 0.05703125 0.8409722222222222 0.034375 0.06527777777777778
1 0.115234375 0.7972222222222223 0.03359375 0.05555555555555555
1 0.076171875 0.7270833333333333 0.03828125 0.07361111111111111
1 0.0359375 0.7201388888888889 0.03125 0.07361111111111111
1 0.70390625 0.7527777777777778 0.0328125 0.08888888888888889
0 0.346875 0.17777777777777778 0.0375 0.08888888888888889
0 0.51640625 0.3736111111111111 0.05 0.09722222222222222
2 0.115625 0.5798611111111112 0.03125 0.0875